1741555228904 0.5 0
1741555229214 0.5 0
1741555229785 0.5401785714285715 0
1741555230232 0.5446428571428572 0
1741555231099 0.5877976190476191 0
1741555231544 0.5714285714285714 0
1741555231799 0.5 0
1741555232083 0.5818452380952381 0
1741555232445 0.5059523809523809 0
1741555233109 0.6324404761904762 0
1741555233517 0.53125 0
1741555234467 0.6324404761904762 0
1741555235154 0.6324404761904762 0
1741555235974 0.6264880952380951 0
1741555236506 0.5982142857142857 0
1741555237315 0.6726190476190477 0
1741555238734 0.6622023809523809 0
1741555240320 0.6622023809523809 0
1741555241015 0.5699404761904763 0
1741555241962 0.6130952380952381 0
1741555242968 0.5922619047619049 0
1741555244456 0.6428571428571428 0
1741555245881 0.6428571428571428 0
1741555247300 0.6622023809523809 0
1741555248369 0.6086309523809523 0
1741555249408 0.6473214285714286 0
1741555250191 0.6011904761904762 0
1741555251069 0.5773809523809523 0
1741555251911 0.6324404761904762 0
1741555252331 0.5788690476190477 0
