1741555228920 0.0 0
1741555229229 0.0 0
1741555229800 0.2608695652173913 0
1741555230248 0.2647058823529412 0
1741555231163 0.37333333333333335 0
1741555231559 0.3333333333333333 0
1741555231823 0.0 0
1741555232099 0.3561643835616438 0
1741555232461 0.04 0
1741555233137 0.4533333333333333 0
1741555233537 0.19672131147540983 0
1741555234488 0.4533333333333333 0
1741555235167 0.4533333333333333 0
1741555235990 0.4383561643835616 0
1741555236521 0.39473684210526316 0
1741555237333 0.5263157894736842 0
1741555238757 0.5066666666666667 0
1741555240354 0.5066666666666667 0
1741555241035 0.2711864406779661 0
1741555241981 0.42105263157894735 0
1741555243005 0.3783783783783784 0
1741555244484 0.47368421052631576 0
1741555245909 0.47368421052631576 0
1741555247321 0.5066666666666667 0
1741555248391 0.4155844155844156 0
1741555249432 0.48 0
1741555250214 0.3548387096774194 0
1741555251094 0.35135135135135137 0
1741555251930 0.4533333333333333 0
1741555252357 0.2807017543859649 0
